2.5735053923865
2.573505392386497
2.6457601618874445
BIT: 0.0, BF: 0.026154518127441406

8.546502307414498
8.546502307414492
8.929440546370124
BIT: 0.0, BF: 0.016204357147216797

20.079989952808514
20.079989952808532
21.166081295099556
BIT: 0.0, BF: 0.015622377395629883

39.120490111774494
39.12049011177444
41.340002529491315
BIT: 0.0, BF: 0.02003622055053711




20.668233667652967
20.66823366765303
21.166081295099556
BIT: 0.0, BF: 0.15167474746704102

40.352218735900514
40.35221873590042
41.340002529491315
BIT: 0.0, BF: 0.15472626686096191

69.53579436117612
69.53579436117606
71.43552437096099
BIT: 0.0, BF: 0.16871213912963867

110.42842409591852
110.42842409591864
113.43696694092418
BIT: 0.0, BF: 0.15566372871398926





71.19524089477814
71.19524089477812
71.43552437096099
BIT: 0.0, BF: 2.284670352935791

112.87974880932725
112.87974880932752
113.43696694092418
BIT: 0.0, BF: 2.1745855808258057

168.13387847599202
168.13387847599208
169.32865036079644
BIT: 0.0, BF: 2.295498847961426

239.1408940145951
239.14089401459367
241.09489475199334
BIT: 0.0, BF: 2.2246999740600586





21.197696435487007
21.197696435487007
21.166081295099556
BIT: 0.0, BF: 19.96235466003418

71.40865244584512
71.40865244584512
71.43552437096099
BIT: 0.0, BF: 19.193421840667725

169.20425228206508
169.2042522820651
169.32865036079644
BIT: 0.0, BF: 18.946576833724976

240.021780987662
240.021820651876
241.09489475199334
BIT: 0.0, BF: 19.714833736419678